3423.59,4438.97,4588.72,4121.54,4483.59,4546.67,4272.82,4193.85,4348.72,4679.49,4670.26,4831.79,4882.56,4633.33,
3420.51,4439.49,4588.72,4121.54,4483.59,4546.67,4274.36,4195.38,4347.18,4680.51,4672.31,4828.72,4878.97,4635.38,
3420.51,4438.97,4583.08,4121.54,4483.59,4544.62,4274.36,4218.97,4353.33,4684.62,4672.82,4826.15,4879.49,4633.85,
3422.05,4439.49,4584.62,4122.05,4481.54,4544.62,4274.36,4219.49,4351.28,4684.62,4672.31,4828.21,4885.13,4632.82,
3419.49,4439.49,4585.64,4120,4480.51,4547.69,4272.82,4227.18,4352.82,4680.51,4669.74,4826.67,4882.56,4633.33,
3417.95,4438.46,4582.05,4120.51,4481.54,4546.15,4270.77,4244.1,4355.38,4680,4670.77,4825.13,4877.95,4634.87,
3417.44,4435.9,4584.1,4121.54,4481.54,4543.08,4272.82,4237.95,4350.77,4681.54,4674.36,4827.18,4882.56,4634.36,
3410.77,4434.87,4585.13,4119.49,4481.54,4544.62,4275.38,4240.51,4354.87,4683.08,4672.31,4827.18,4884.62,4631.28,
3411.79,4437.95,4583.59,4121.54,4482.05,4549.23,4274.36,4233.85,4353.85,4685.64,4669.23,4827.18,4883.59,4632.82,
3416.92,4438.97,4583.08,4122.05,4482.05,4547.18,4276.41,4220.51,4349.23,4685.13,4672.31,4827.69,4882.05,4634.87,
3417.95,4436.41,4588.21,4120,4482.05,4545.64,4279.49,4212.82,4351.79,4680,4673.85,4828.21,4882.05,4631.79,
3420.51,4436.41,4592.82,4124.62,4482.05,4548.21,4278.46,4201.03,4350.77,4681.54,4672.31,4829.23,4883.08,4632.82,
3421.54,4435.38,4589.74,4125.13,4481.54,4546.15,4272.82,4192.82,4348.21,4686.67,4673.33,4826.67,4883.08,4636.92,
3424.62,4434.36,4590.77,4123.08,4481.03,4545.13,4269.23,4185.13,4345.64,4685.13,4672.82,4826.15,4884.1,4635.38,
3426.67,4435.9,4595.9,4125.13,4481.54,4546.67,4270.26,4182.05,4345.13,4685.13,4672.31,4830.26,4884.1,4635.38,
3425.64,4437.95,4595.9,4126.15,4480,4545.13,4271.28,4179.49,4342.56,4687.18,4674.36,4833.33,4885.64,4637.95,
3426.67,4441.54,4596.41,4126.15,4480.51,4546.15,4270.26,4171.79,4339.49,4684.1,4672.31,4832.31,4885.64,4635.9,
3426.67,4442.05,4595.38,4127.69,4481.54,4549.74,4269.74,4171.28,4344.1,4684.1,4668.72,4827.69,4883.59,4632.82,
3427.69,4441.54,4594.36,4129.23,4481.54,4549.74,4272.31,4173.33,4344.1,4687.18,4671.28,4828.21,4882.56,4634.36,
3428.72,4441.54,4596.41,4128.21,4481.54,4549.23,4275.38,4171.28,4342.56,4683.08,4673.33,4830.77,4884.62,4635.38,
3425.13,4441.03,4596.41,4127.69,4482.05,4549.74,4274.36,4169.74,4345.64,4681.03,4671.28,4827.69,4884.1,4633.85,
3427.69,4442.56,4595.38,4133.33,4482.56,4549.74,4271.79,4171.28,4344.62,4684.62,4671.79,4826.15,4882.56,4633.85,
3430.26,4443.59,4597.44,4133.33,4483.08,4548.72,4272.82,4171.79,4341.54,4685.64,4673.85,4826.15,4886.15,4635.9,
3426.15,4442.56,4596.92,4127.18,4483.59,4549.23,4273.33,4168.72,4341.03,4685.13,4672.82,4825.64,4884.62,4635.9,
3425.13,4442.56,4597.44,4128.21,4485.13,4550.26,4274.36,4168.72,4343.08,4686.15,4672.82,4826.15,4877.95,4633.85,
3426.67,4442.56,4600,4130.26,4486.15,4548.72,4273.33,4171.28,4344.1,4681.54,4674.87,4826.67,4879.49,4631.79,
3427.18,4443.59,4599.49,4127.69,4484.1,4548.21,4272.31,4170.77,4342.05,4678.46,4674.87,4825.64,4884.62,4634.36,
3428.72,4444.62,4597.95,4126.15,4482.56,4550.26,4274.36,4168.72,4343.08,4682.56,4673.33,4827.18,4883.59,4636.41,
3428.72,4443.08,4596.41,4130.26,4482.56,4549.74,4272.82,4168.72,4346.15,4683.59,4673.33,4828.72,4882.56,4635.38,
3428.72,4440.51,4595.38,4131.79,4481.54,4547.18,4270.26,4168.72,4345.13,4682.05,4674.36,4825.13,4882.05,4635.38,
3430.77,4440,4596.41,4128.72,4482.05,4545.13,4273.33,4169.23,4343.59,4682.56,4672.82,4825.13,4880.51,4634.36,
3430.77,4443.08,4598.97,4129.74,4484.1,4546.67,4274.36,4169.23,4344.1,4683.08,4672.31,4828.72,4882.05,4633.33,
3426.67,4442.05,4599.49,4131.28,4482.56,4546.15,4271.28,4168.72,4343.59,4682.56,4672.82,4828.21,4883.59,4635.38,
3426.15,4440.51,4598.97,4129.23,4481.54,4545.64,4271.79,4170.26,4344.1,4682.56,4672.31,4825.13,4884.1,4637.44,
3429.74,4442.56,4599.49,4127.69,4483.59,4547.18,4273.33,4170.77,4344.62,4682.56,4670.77,4825.64,4885.64,4635.9,
3429.74,4442.05,4598.97,4129.23,4483.08,4549.23,4271.28,4169.74,4342.56,4682.56,4671.79,4826.15,4885.13,4634.87,
3428.21,4441.54,4597.95,4132.31,4480.51,4548.21,4271.28,4168.72,4342.05,4682.56,4674.36,4826.67,4884.62,4636.92,
3426.15,4443.59,4596.41,4133.33,4479.49,4546.67,4271.79,4169.23,4343.59,4682.56,4673.33,4827.69,4886.15,4632.82,
3426.67,4446.15,4596.41,4133.85,4481.54,4550.26,4271.79,4168.72,4344.62,4682.56,4671.79,4826.15,4883.59,4630.77,
3429.74,4446.15,4597.95,4134.87,4483.59,4550.77,4271.79,4167.18,4342.56,4682.56,4673.33,4825.64,4880,4634.87,
3429.23,4444.62,4599.49,4133.33,4484.62,4547.69,4271.79,4166.67,4340.51,4682.56,4674.87,4826.67,4881.03,4635.38,
3427.69,4444.1,4599.49,4131.28,4484.1,4547.69,4270.77,4168.72,4340.51,4682.56,4673.33,4823.59,4882.05,4634.36,
3431.28,4443.59,4599.49,4131.28,4482.56,4548.72,4271.79,4170.77,4342.56,4682.56,4673.33,4822.05,4883.08,4633.33,
3431.79,4444.62,4600,4131.79,4482.56,4548.72,4273.33,4170.26,4345.13,4682.56,4672.31,4824.62,4883.59,4631.28,
3428.21,4443.59,4600.51,4132.31,4483.59,4548.72,4271.79,4169.23,4344.62,4682.56,4670.77,4825.64,4881.03,4634.36,
3427.69,4441.03,4599.49,4133.85,4482.56,4548.72,4271.28,4169.74,4342.56,4682.56,4672.82,4824.1,4881.03,4638.97,
3428.72,4442.05,4597.95,4135.38,4482.56,4548.72,4274.36,4168.72,4341.54,4683.08,4672.31,4823.59,4884.62,4635.38,
3428.21,4443.08,4598.97,4133.85,4483.08,4549.23,4274.87,4165.64,4341.03,4682.05,4668.72,4824.62,4883.08,4632.31,
3427.69,4444.62,4598.46,4133.33,4483.59,4549.23,4273.33,4168.21,4342.56,4683.08,4668.72,4825.64,4880,4634.36,
3427.18,4444.62,4597.95,4134.87,4485.13,4549.23,4272.82,4171.79,4342.05,4685.64,4673.33,4825.64,4881.54,4634.36,
3427.18,4442.05,4600,4133.33,4484.1,4548.21,4274.36,4169.23,4341.03,4684.1,4673.33,4825.13,4883.08,4635.38,
3428.21,4443.59,4600.51,4132.31,4483.59,4546.67,4276.41,4167.69,4342.56,4680,4671.79,4824.62,4881.54,4636.92,
3428.21,4446.67,4598.97,4134.36,4485.13,4547.69,4274.36,4169.74,4344.1,4678.46,4673.33,4824.1,4878.46,4634.87,
3426.67,4445.13,4597.44,4133.33,4483.59,4549.23,4269.23,4169.74,4345.13,4681.54,4673.33,4823.59,4880,4633.85,
3427.18,4444.62,4597.44,4131.79,4482.05,4547.18,4270.77,4167.69,4346.67,4685.13,4671.28,4824.1,4885.64,4635.9,
3429.23,4446.67,4601.03,4133.85,4483.59,4546.15,4275.38,4167.18,4346.15,4684.1,4671.28,4824.62,4886.67,4635.38,
3428.72,4445.13,4601.03,4135.38,4483.59,4549.23,4275.9,4169.74,4344.1,4679.49,4672.31,4826.15,4882.56,4632.82,
3428.72,4442.56,4598.97,4134.87,4481.54,4550.77,4271.79,4170.77,4343.08,4678.46,4672.31,4825.64,4883.08,4633.85,
3430.26,4444.1,4597.95,4134.36,4484.1,4549.23,4272.31,4168.72,4342.56,4681.54,4671.79,4824.62,4885.13,4636.92,
3429.74,4446.15,4597.95,4134.36,4484.1,4548.21,4273.33,4168.72,4341.54,4681.03,4671.28,4823.08,4884.1,4636.92,
3428.21,4444.62,4600,4134.87,4480.51,4547.18,4270.77,4170.77,4343.08,4678.97,4670.26,4823.08,4883.08,4636.41,
3428.72,4445.13,4600.51,4135.9,4482.05,4547.18,4272.82,4170.77,4345.13,4681.03,4670.26,4823.59,4882.56,4636.92,
3428.21,4444.62,4598.97,4134.36,4484.1,4549.23,4276.41,4168.72,4345.64,4685.13,4672.82,4822.56,4882.56,4635.38,
3427.69,4443.08,4600,4133.33,4481.54,4548.72,4275.38,4169.23,4345.64,4686.15,4675.38,4822.05,4883.08,4633.85,
3430.26,4444.62,4601.03,4135.9,4482.56,4547.69,4274.36,4171.28,4345.13,4685.13,4673.33,4822.56,4881.54,4634.36,
3431.79,4444.62,4598.97,4135.9,4484.1,4548.21,4274.36,4171.28,4343.59,4684.62,4671.28,4824.1,4880,4634.36,
3430.26,4446.67,4597.95,4134.36,4481.54,4548.72,4274.87,4171.79,4341.54,4682.05,4671.79,4824.1,4884.1,4635.38,
3428.72,4447.69,4600,4134.36,4481.03,4546.67,4273.33,4170.77,4341.54,4681.03,4672.82,4823.59,4885.64,4635.9,
3430.77,4445.13,4599.49,4135.9,4482.05,4546.67,4271.79,4169.23,4343.59,4681.54,4671.79,4823.08,4882.05,4633.33,
3430.26,4446.15,4601.03,4136.41,4482.05,4549.74,4271.79,4169.74,4344.62,4680,4672.31,4823.59,4882.05,4632.82,
3427.18,4446.67,4603.08,4134.87,4482.05,4547.69,4269.23,4170.26,4343.08,4680,4674.36,4823.08,4882.56,4634.87,
3430.26,4445.13,4600,4136.92,4481.54,4547.69,4270.77,4169.74,4342.05,4681.54,4672.31,4821.03,4883.59,4633.85,
3432.82,4444.1,4598.46,4136.92,4480,4550.77,4276.41,4170.26,4343.08,4681.54,4670.26,4823.08,4885.13,4633.33,
3430.26,4445.64,4604.1,4135.38,4480.51,4549.23,4274.36,4170.77,4343.08,4681.03,4671.79,4825.64,4883.08,4635.38,
3427.18,4447.69,4605.64,4136.92,4483.59,4548.72,4271.28,4168.72,4343.08,4681.54,4672.31,4824.62,4882.56,4635.9,
3428.21,4442.56,4602.05,4135.9,4483.08,4550.26,4272.82,4167.69,4342.05,4681.03,4670.77,4824.1,4881.54,4633.85,
3430.77,4442.56,4599.49,4134.87,4483.08,4549.74,4275.9,4170.26,4342.05,4681.03,4671.28,4825.64,4882.05,4634.87,
3430.26,4448.21,4599.49,4132.82,4482.56,4548.72,4273.85,4171.79,4345.13,4681.03,4672.31,4825.64,4884.1,4635.38,
3429.74,4445.13,4601.03,4131.28,4481.03,4549.23,4269.23,4169.23,4345.13,4681.03,4670.26,4826.15,4884.62,4635.9,
3430.26,4444.1,4600.51,4136.41,4482.56,4549.74,4272.82,4169.23,4343.59,4681.03,4668.72,4825.64,4882.05,4636.92,
3429.74,4448.21,4600,4138.46,4483.08,4547.69,4275.9,4172.31,4344.62,4681.03,4670.26,4825.13,4878.46,4634.87,
3430.26,4448.21,4603.59,4135.9,4480,4548.21,4273.33,4170.77,4343.59,4681.03,4672.31,4824.1,4880,4635.9,
3429.23,4444.1,4602.05,4133.85,4481.03,4550.77,4271.79,4168.72,4342.56,4681.03,4672.31,4823.08,4884.1,4637.95,
3428.21,4442.56,4600,4133.33,4483.08,4548.72,4272.82,4170.26,4344.1,4681.03,4672.31,4825.13,4884.62,4635.38,
3430.26,4446.15,4601.54,4135.38,4482.05,4546.67,4275.38,4170.26,4343.59,4681.03,4672.82,4822.56,4884.1,4631.79,
3430.26,4447.18,4602.05,4136.92,4482.05,4547.69,4275.9,4169.23,4342.05,4681.03,4672.82,4820.51,4885.64,4633.85,
3429.23,4444.62,4601.03,4136.92,4482.56,4547.18,4271.28,4170.26,4343.59,4681.03,4672.31,4824.62,4885.13,4637.44,
3429.74,4444.62,4600.51,4135.38,4484.62,4547.69,4269.74,4171.79,4344.1,4681.03,4671.28,4824.1,4883.08,4636.92,
3430.26,4444.1,4601.54,4134.36,4483.08,4549.23,4272.31,4171.28,4341.03,4681.03,4672.82,4822.05,4884.1,4635.38,
3430.77,4445.13,4602.05,4134.36,4480.51,4548.72,4271.79,4169.23,4341.54,4681.03,4673.85,4824.1,4883.59,4635.38,
3430.26,4446.15,4601.54,4134.36,4483.08,4547.18,4271.79,4168.72,4345.64,4681.03,4670.26,4823.08,4882.05,4635.9,
3428.72,4447.18,4602.56,4134.36,4484.1,4547.69,4273.33,4169.74,4345.64,4680.51,4670.77,4822.05,4883.59,4633.85,
3429.23,4446.15,4602.56,4135.38,4483.59,4549.74,4275.38,4169.74,4342.56,4682.05,4673.85,4824.1,4882.56,4632.82,
3429.74,4445.13,4602.05,4137.44,4483.08,4548.21,4274.36,4169.23,4344.1,4681.03,4671.79,4824.1,4882.56,4635.9,
3429.23,4446.67,4603.08,4136.92,4482.56,4547.69,4270.77,4169.74,4345.64,4679.49,4668.21,4824.62,4883.59,4637.95,
3429.23,4445.64,4603.08,4135.38,4484.1,4549.74,4270.26,4170.26,4343.08,4683.59,4671.79,4825.64,4881.03,4635.9,
3428.72,4443.59,4601.54,4136.41,4484.1,4549.23,4272.31,4169.74,4342.56,4683.59,4673.85,4823.59,4879.49,4635.9,
3430.26,4446.67,4601.03,4137.44,4482.56,4547.18,4274.36,4170.26,4344.1,4682.05,4669.23,4821.03,4882.56,4637.95,
3431.79,4447.18,4602.56,4134.36,4482.05,4547.69,4275.38,4170.77,4342.56,4683.59,4668.21,4823.08,4884.62,4635.38,
3430.26,4445.13,4604.62,4133.33,4484.1,4549.74,4276.41,4170.77,4342.05,4683.08,4672.82,4822.56,4883.08,4631.28,
3428.72,4447.69,4603.08,4135.9,4483.08,4549.74,4277.44,4170.26,4343.59,4683.08,4672.82,4820,4878.46,4632.82,
3429.74,4449.74,4602.56,4134.87,4481.03,4547.69,4274.87,4169.23,4343.08,4684.1,4671.28,4823.08,4878.97,4635.38,
3430.26,4448.21,4604.62,4134.87,4482.56,4548.21,4274.87,4168.72,4343.59,4682.05,4672.31,4826.67,4882.56,4634.36,
3429.74,4445.64,4603.59,4135.9,4483.59,4549.23,4275.9,4168.21,4345.64,4677.95,4673.33,4826.15,4882.05,4633.85,
3430.77,4446.15,4602.05,4135.38,4482.56,4548.21,4274.36,4169.23,4343.59,4678.46,4671.28,4825.13,4878.97,4633.85,
3430.77,4449.23,4601.03,4136.92,4483.08,4547.18,4275.38,4170.77,4342.05,4681.54,4669.23,4824.62,4883.08,4634.87,
3429.74,4446.67,4601.54,4138.46,4484.1,4548.21,4275.38,4169.23,4342.56,4683.08,4670.26,4824.1,4886.67,4635.9,
3428.72,4443.59,4601.54,4136.92,4483.59,4549.23,4271.79,4168.21,4341.54,4682.05,4673.33,4825.13,4884.1,4634.87,
3429.74,4446.67,4600.51,4135.38,4482.56,4549.74,4271.79,4170.26,4341.54,4682.05,4673.85,4826.15,4882.05,4631.79,
3432.82,4447.18,4601.03,4136.41,4483.08,4548.72,4276.41,4170.77,4344.62,4686.15,4672.31,4823.08,4882.56,4633.85,
3432.31,4446.67,4603.59,4137.95,4482.05,4548.21,4274.36,4169.74,4344.1,4685.64,4671.79,4821.03,4881.03,4636.92,
3430.26,4445.13,4604.62,4136.92,4480,4547.69,4272.82,4172.31,4342.56,4685.13,4673.33,4823.08,4879.49,4634.87,
3431.79,4445.64,4603.59,4134.36,4480.51,4547.18,4275.9,4172.82,4343.08,4686.67,4672.31,4825.64,4880.51,4632.31,
3433.85,4448.72,4604.1,4135.38,4480.51,4547.69,4274.36,4169.23,4343.59,4684.62,4671.28,4824.62,4885.64,4634.36,
3432.82,4447.69,4605.13,4135.9,4480.51,4549.23,4271.28,4168.72,4343.59,4684.62,4672.82,4823.08,4886.15,4634.87,
3429.74,4446.15,4603.59,4134.36,4484.1,4549.23,4274.36,4171.79,4342.05,4686.15,4675.9,4823.59,4881.03,4632.31,
3428.72,4449.23,4604.1,4134.87,4485.64,4548.21,4275.9,4170.26,4342.56,4685.64,4674.87,4825.64,4879.49,4634.87,
3428.72,4450.77,4604.1,4135.9,4483.08,4547.18,4273.33,4169.74,4345.64,4685.13,4671.28,4823.59,4885.13,4638.97,
3430.26,4445.64,4603.08,4135.9,4483.08,4547.69,4272.82,4170.77,4344.62,4685.64,4669.74,4821.03,4888.21,4634.87,
3432.31,4444.1,4604.1,4135.9,4484.62,4546.67,4273.33,4170.26,4341.03,4685.64,4671.28,4823.08,4883.59,4632.82,
3432.31,4446.15,4606.67,4134.36,4483.08,4548.21,4273.85,4170.26,4342.56,4685.64,4671.79,4824.1,4882.05,4635.9,
3429.74,4443.08,4606.15,4134.36,4482.05,4549.23,4274.87,4170.77,4347.18,4685.64,4671.79,4823.59,4884.62,4634.87,
3429.74,4443.08,4604.1,4136.41,4482.56,4548.72,4272.31,4170.77,4345.64,4685.64,4672.82,4825.13,4884.62,4633.33,
3432.31,4447.18,4603.59,4137.44,4485.13,4548.72,4270.77,4169.23,4342.56,4685.64,4671.28,4825.64,4884.62,4633.85,
3431.79,4446.15,4604.62,4135.38,4485.64,4547.18,4274.36,4166.67,4344.1,4685.13,4668.72,4824.62,4883.08,4634.36,
3430.77,4445.13,4603.59,4135.38,4483.59,4546.15,4275.38,4167.69,4344.1,4685.64,4671.79,4823.08,4880,4635.38,
3431.28,4447.69,4601.54,4137.44,4481.54,4549.23,4271.79,4170.26,4343.59,4686.15,4672.82,4822.05,4881.03,4636.41,
3431.28,4448.72,4603.59,4136.92,4483.59,4550.77,4271.28,4169.74,4343.59,4682.56,4670.77,4822.05,4884.62,4635.9,
3432.31,4447.18,4602.56,4134.87,4484.62,4548.21,4272.31,4168.72,4343.08,4680,4671.28,4821.03,4884.1,4635.38,
3433.33,4445.64,4602.05,4133.85,4480.51,4547.69,4270.26,4170.77,4343.59,4678.97,4674.36,4818.97,4883.59,4633.85,
3430.26,4446.15,4605.64,4136.92,4480,4550.26,4272.31,4171.28,4346.15,4680.51,4673.85,4822.05,4883.08,4632.82,
3430.26,4447.18,4605.64,4138.97,4482.05,4548.72,4276.92,4171.79,4344.62,4683.59,4671.79,4824.1,4883.08,4634.36,
3432.31,4447.18,4604.62,4137.44,4482.56,4546.67,4275.9,4171.79,4344.1,4684.1,4672.31,4822.05,4884.1,4636.92,
3430.77,4448.72,4604.62,4135.38,4484.62,4548.72,4273.85,4170.26,4345.64,4681.54,4671.79,4822.56,4883.08,4636.41,
3429.74,4448.21,4603.59,4134.87,4485.13,4548.21,4272.82,4169.23,4344.1,4682.56,4670.77,4824.1,4881.54,4634.36,
3430.26,4448.21,4602.05,4135.9,4482.05,4547.18,4273.33,4169.74,4343.08,4684.1,4673.33,4822.05,4883.59,4634.36,
3431.28,4448.21,4604.1,4135.9,4480,4550.26,4274.36,4170.26,4343.59,4682.56,4673.85,4821.54,4885.13,4634.36,
3430.26,4447.69,4604.62,4134.36,4482.05,4551.28,4273.33,4169.74,4342.05,4683.08,4670.77,4823.08,4883.08,4633.85,
3429.74,4448.21,4604.62,4134.87,4485.64,4549.74,4274.36,4169.74,4342.56,4684.1,4670.26,4822.05,4882.56,4634.36,
3430.77,4447.18,4608.72,4134.36,4483.08,4549.74,4275.38,4170.26,4343.59,4682.05,4673.33,4822.05,4882.56,4634.87,
3431.79,4447.69,4607.69,4134.36,4479.49,4549.74,4274.87,4171.28,4344.1,4682.56,4673.33,4823.08,4884.1,4634.87,
3430.77,4449.74,4604.62,4136.92,4483.08,4550.26,4273.85,4171.79,4344.1,4685.64,4671.79,4822.05,4885.13,4636.41,
3431.28,4447.18,4605.13,4137.44,4485.64,4549.23,4272.82,4170.26,4343.59,4685.64,4673.33,4822.56,4883.08,4634.87,
3433.85,4446.15,4604.62,4135.38,4483.08,4546.67,4273.33,4169.74,4341.54,4685.13,4672.31,4823.08,4882.05,4633.33,
3432.82,4449.23,4604.1,4135.38,4482.56,4547.69,4273.85,4169.74,4343.08,4685.13,4668.21,4823.08,4884.62,4634.36,
3430.77,4449.74,4605.13,4137.95,4483.59,4550.26,4274.36,4170.77,4344.1,4682.05,4669.23,4822.56,4884.62,4633.33,
3429.23,4448.72,4606.15,4138.97,4483.08,4548.21,4274.36,4169.74,4341.54,4679.49,4673.33,4821.54,4881.54,4631.79,
3430.77,4447.69,4607.18,4137.44,4484.1,4545.64,4273.85,4169.74,4342.05,4680.51,4673.33,4820.51,4884.1,4633.33,
3431.28,4447.69,4605.64,4136.92,4484.1,4547.69,4273.33,4172.82,4346.15,4681.54,4670.77,4821.54,4885.13,4635.38,
3429.23,4448.72,4604.1,4137.44,4481.03,4549.23,4273.85,4171.79,4346.15,4680.51,4672.31,4823.59,4875.9,4635.9,
3431.79,4448.21,4604.62,4136.41,4481.54,4548.72,4274.87,4168.21,4342.05,4679.49,4672.82,4823.59,4874.87,4637.44,
3434.87,4446.15,4605.13,4136.41,4484.62,4548.72,4274.36,4170.77,4341.03,4681.54,4671.79,4821.54,4884.1,4638.46,
3431.79,4445.13,4603.59,4136.41,4483.59,4548.72,4273.85,4172.82,4343.59,4684.62,4672.82,4823.59,4886.15,4635.38,
3429.74,4447.18,4604.1,4136.41,4482.05,4550.26,4273.85,4170.77,4344.62,4686.15,4672.31,4823.59,4882.05,4633.33,
3430.77,4448.72,4608.72,4138.46,4483.08,4551.28,4272.82,4170.26,4343.08,4686.15,4672.31,4820,4882.56,4634.87,
3431.28,4447.69,4609.23,4136.92,4483.08,4548.72,4271.79,4170.77,4342.56,4685.13,4673.33,4820,4884.62,4635.38,
3431.79,4449.23,4605.64,4136.41,4483.08,4547.18,4273.85,4170.26,4344.1,4681.03,4670.26,4822.56,4883.08,4632.31,
3433.85,4448.21,4606.15,4139.49,4483.59,4547.69,4272.31,4169.23,4344.62,4678.97,4669.23,4823.08,4880,4633.85,
3432.82,4447.18,4607.69,4140.51,4482.05,4549.23,4269.74,4169.74,4342.05,4682.05,4673.33,4822.56,4881.03,4638.46,
3429.23,4449.23,4605.64,4137.95,4480,4550.26,4272.31,4170.26,4343.08,4684.62,4675.9,4823.59,4884.1,4637.44,
3432.82,4449.23,4604.1,4136.41,4479.49,4549.74,4273.85,4170.26,4344.62,4685.64,4673.85,4823.59,4884.1,4634.36,
3439.49,4447.69,4603.59,4137.44,4482.05,4547.69,4275.38,4170.77,4343.08,4685.64,4672.82,4822.05,4882.05,4634.36,
3434.36,4447.69,4605.64,4138.46,4483.08,4548.21,4275.9,4170.77,4342.05,4684.1,4671.79,4821.54,4880,4635.9,
3427.18,4448.72,4607.18,4137.95,4483.59,4549.74,4273.85,4169.23,4343.08,4684.62,4671.28,4822.56,4880.51,4636.92,
3430.26,4447.69,4605.13,4136.41,4485.13,4549.74,4273.85,4168.72,4343.08,4687.18,4671.79,4823.08,4880,4636.92,
3433.85,4447.18,4604.62,4136.92,4484.62,4549.23,4274.36,4171.79,4342.56,4684.1,4671.79,4823.08,4880,4635.9,
3429.74,4450.77,4607.69,4141.03,4484.1,4550.26,4273.85,4171.79,4344.62,4679.49,4670.26,4821.03,4884.1,4636.41,
3428.21,4450.77,4609.23,4141.03,4484.62,4550.26,4272.82,4168.72,4343.08,4681.54,4671.28,4819.49,4886.67,4635.38,
3432.31,4448.72,4608.72,4138.46,4486.15,4549.23,4271.28,4169.23,4340,4685.64,4673.33,4823.59,4883.59,4632.31,
3433.85,4449.74,4607.69,4138.46,4484.62,4548.21,4271.28,4172.82,4342.05,4686.15,4671.79,4824.1,4882.56,4632.82,
3434.87,4450.77,4606.67,4138.97,4481.03,4545.13,4269.74,4171.79,4346.67,4683.59,4670.26,4821.54,4884.1,4636.92,
3433.33,4447.69,4604.1,4136.92,4482.05,4545.13,4268.21,4168.21,4345.13,4681.54,4670.77,4820.51,4882.05,4636.92,
3431.79,4445.64,4602.56,4136.92,4484.1,4548.21,4270.26,4169.74,4342.05,4682.56,4670.26,4821.03,4881.54,4635.38,
3435.9,4447.69,4603.08,4140,4481.03,4547.18,4273.85,4170.77,4343.59,4685.64,4672.31,4821.54,4886.67,4636.41,
3436.41,4449.74,4604.1,4139.49,4480,4545.64,4275.9,4167.69,4344.1,4685.13,4672.31,4818.46,4881.54,4635.9,
3434.36,4449.74,4608.72,4137.95,4483.59,4548.72,4274.87,4168.72,4342.56,4685.13,4671.28,4818.97,4875.38,4634.87,
3434.36,4449.23,4608.72,4138.46,4486.67,4551.79,4273.85,4172.31,4342.05,4686.67,4671.79,4821.03,4879.49,4635.38,
3434.87,4447.69,4605.13,4139.49,4485.64,4550.26,4274.87,4171.28,4341.54,4684.62,4671.28,4817.95,4880.51,4635.38,
3435.38,4447.18,4608.72,4138.97,4480.51,4547.18,4273.85,4169.74,4344.1,4684.1,4671.79,4816.92,4877.95,4635.9,
3435.38,4447.18,4612.31,4138.97,4480,4550.26,4274.36,4170.26,4345.64,4686.15,4671.28,4820,4883.59,4635.9,
3433.33,4448.72,4610.77,4142.56,4482.56,4550.26,4275.38,4170.26,4342.56,4685.64,4668.72,4821.54,4887.69,4634.87,
3430.77,4451.79,4608.72,4142.56,4481.03,4547.18,4273.33,4170.26,4343.08,4685.13,4669.23,4820.51,4881.03,4633.85,
3430.77,4450.26,4608.72,4141.54,4479.49,4548.72,4274.87,4169.74,4344.62,4685.64,4673.33,4818.97,4876.92,4634.36,
3432.82,4448.72,4606.15,4143.59,4484.1,4548.72,4274.87,4170.77,4345.13,4685.64,4673.33,4818.97,4883.08,4636.92,
3434.87,4450.77,4605.64,4144.1,4486.67,4546.67,4271.28,4172.82,4344.62,4685.64,4671.28,4817.44,4882.56,4637.95,
3436.41,4450.26,4608.21,4143.59,4483.08,4548.21,4271.28,4172.31,4343.59,4685.64,4671.79,4815.9,4876.41,4635.38,
3434.36,4447.69,4608.21,4142.56,4482.05,4549.74,4274.87,4169.23,4343.08,4685.64,4671.28,4817.44,4879.49,4634.36,
3431.79,4448.72,4605.13,4144.62,4483.59,4549.23,4273.85,4168.21,4342.56,4685.64,4668.72,4816.92,4881.54,4637.44,
3432.82,4447.69,4607.69,4146.15,4483.08,4550.77,4271.79,4169.23,4342.56,4685.64,4670.26,4815.38,4877.44,4636.41,
3434.87,4446.15,4609.74,4146.15,4482.05,4551.79,4274.36,4169.74,4343.08,4685.64,4672.82,4816.41,4879.49,4632.31,
3435.38,4448.21,4607.18,4146.67,4482.05,4550.26,4276.41,4169.74,4343.08,4685.64,4672.82,4817.95,4883.08,4634.36,
3433.85,4448.72,4607.18,4145.64,4482.56,4550.26,4273.85,4170.26,4343.08,4685.64,4671.28,4816.41,4880.51,4637.95,
3432.82,4448.21,4610.77,4144.1,4481.54,4549.74,4272.82,4172.31,4345.13,4685.64,4672.31,4815.9,4877.95,4636.41,
3432.82,4449.23,4610.77,4143.59,4482.05,4547.69,4273.33,4171.28,4344.62,4685.64,4675.38,4817.44,4877.95,4634.36,
3431.79,4449.23,4607.18,4146.15,4484.62,4547.69,4274.36,4168.72,4341.03,4685.64,4673.85,4816.41,4880.51,4635.9,
3434.87,4448.72,4606.15,4146.67,4484.1,4549.74,4273.85,4169.74,4341.03,4685.64,4670.26,4815.9,4883.59,4636.41,
3436.41,4448.72,4607.18,4145.64,4481.03,4550.26,4274.36,4171.28,4343.08,4685.64,4671.79,4816.41,4882.56,4635.38,
3433.85,4449.74,4608.21,4147.69,4482.56,4550.26,4275.38,4168.21,4344.1,4685.64,4674.87,4816.41,4881.03,4634.87,
3433.33,4448.21,4609.23,4147.69,4483.08,4548.72,4273.33,4168.21,4343.59,4685.64,4673.33,4815.9,4882.56,4635.9,
3435.38,4447.69,4607.18,4144.1,4480.51,4548.21,4272.31,4172.82,4344.1,4685.64,4669.74,4815.38,4881.03,4635.9,
3434.36,4449.23,4607.69,4144.62,4480.51,4548.72,4274.36,4172.82,4343.08,4685.64,4671.28,4817.95,4876.92,4634.36,
3433.85,4448.72,4611.28,4147.69,4482.56,4546.67,4272.31,4171.28,4343.08,4685.64,4674.87,4818.97,4878.97,4634.87,
3435.38,4448.72,4610.26,4147.18,4483.08,4544.62,4272.82,4171.79,4344.1,4685.13,4673.33,4814.87,4879.49,4636.92,
3436.41,4448.21,4606.15,4146.67,4482.05,4548.21,4275.9,4172.31,4344.62,4686.15,4670.77,4813.85,4877.95,4636.92,
3436.41,4447.69,4605.64,4145.64,4483.59,4549.23,4275.38,4171.28,4345.64,4684.62,4672.31,4815.38,4879.49,4634.36,
3434.36,4449.23,4608.21,4144.62,4484.1,4546.67,4272.82,4171.79,4345.64,4681.03,4672.31,4814.87,4880,4635.9,
3435.38,4450.77,4608.72,4145.64,4482.05,4547.18,4272.82,4171.79,4344.62,4681.03,4671.28,4816.41,4879.49,4636.92,
3437.44,4450.26,4606.67,4145.64,4483.59,4549.74,4273.85,4170.26,4342.56,4684.1,4670.77,4816.41,4878.97,4634.87,
3435.9,4448.72,4608.21,4146.15,4482.56,4548.72,4273.33,4168.21,4342.05,4684.62,4668.72,4815.38,4878.97,4635.9,
3433.85,4449.23,4610.26,4146.15,4479.49,4547.69,4273.85,4169.74,4343.59,4684.1,4668.72,4817.95,4878.97,4638.46,
3433.85,4451.28,4607.18,4145.13,4482.56,4548.72,4274.87,4171.79,4343.08,4684.62,4671.28,4817.44,4878.97,4635.9,
3434.87,4448.72,4607.18,4146.15,4484.62,4549.23,4273.85,4171.28,4342.05,4685.13,4673.33,4815.38,4878.97,4636.41,
3434.87,4447.18,4610.77,4148.72,4481.54,4550.26,4272.82,4170.26,4344.1,4685.64,4672.82,4816.92,4878.97,4639.49,
3434.36,4448.21,4610.26,4146.67,4481.03,4549.74,4273.33,4170.26,4345.64,4685.64,4673.33,4818.97,4878.97,4636.41,
3435.38,4450.77,4608.72,4145.64,4481.54,4549.23,4273.85,4170.77,4344.1,4685.64,4674.36,4815.9,4878.97,4633.85,
3434.36,4451.79,4610.26,4146.67,4482.05,4550.77,4274.87,4170.77,4342.05,4685.64,4672.31,4813.33,4878.97,4636.92,
3433.85,4451.28,4610.26,4146.15,4483.59,4547.69,4273.85,4170.26,4344.1,4685.64,4669.23,4815.9,4878.97,4636.41,
3436.41,4452.82,4608.72,4148.21,4483.08,4546.67,4271.28,4170.77,4346.67,4685.64,4668.21,4815.38,4878.97,4633.33,
3437.95,4450.77,4608.21,4149.23,4481.54,4549.74,4271.79,4171.28,4344.1,4685.64,4670.26,4813.85,4878.97,4635.38,
3435.9,4447.69,4609.23,4145.64,4482.05,4548.21,4274.36,4169.74,4343.08,4685.64,4672.82,4815.9,4878.97,4636.41,
3433.33,4451.28,4610.26,4144.1,4482.05,4547.18,4273.85,4169.74,4345.13,4685.64,4673.33,4816.41,4878.97,4634.87,
3434.87,4452.82,4611.28,4145.64,4483.59,4549.74,4272.82,4170.26,4344.1,4685.64,4672.82,4815.9,4878.97,4635.9,
3436.41,4451.28,4610.26,4145.64,4485.64,4550.26,4273.33,4170.77,4343.59,4685.64,4671.28,4814.87,4878.97,4637.44,
3434.87,4452.31,4608.72,4145.13,4484.1,4547.69,4273.85,4171.79,4346.15,4685.64,4669.74,4813.85,4878.97,4636.41,
3433.33,4451.28,4608.21,4146.15,4481.03,4547.69,4272.31,4171.28,4344.1,4685.64,4670.77,4813.33,4878.97,4636.41,
3434.36,4448.72,4609.74,4147.18,4482.56,4549.23,4272.82,4169.74,4341.03,4685.64,4671.79,4813.33,4878.97,4638.46,
3436.41,4449.74,4609.74,4148.21,4483.08,4549.23,4275.9,4169.23,4342.56,4685.64,4670.77,4815.38,4878.97,4636.41,
3435.38,4449.74,4608.21,4146.67,4482.05,4548.21,4276.41,4168.72,4344.1,4685.64,4671.28,4816.92,4878.97,4634.36,
3434.87,4447.69,4609.23,4145.13,4482.56,4549.23,4273.85,4168.21,4344.62,4685.64,4672.82,4815.9,4878.97,4635.38,
3435.9,4448.21,4611.79,4145.64,4483.08,4550.77,4273.85,4169.74,4342.56,4685.64,4669.23,4814.36,4878.97,4637.95,
3436.92,4449.23,4609.74,4147.18,4484.1,4550.26,4274.87,4170.77,4342.05,4685.64,4666.67,4815.38,4878.97,4638.97,
3434.87,4448.72,4609.23,4145.64,4484.1,4548.21,4273.85,4169.74,4344.62,4685.64,4669.23,4817.44,4878.97,4636.92,
3433.85,4450.26,4612.31,4142.56,4482.56,4547.69,4273.33,4169.74,4344.62,4685.64,4670.77,4817.44,4878.97,4634.36,
3436.41,4453.33,4612.31,4144.1,4482.05,4549.23,4273.85,4170.77,4343.59,4685.64,4669.23,4814.36,4878.97,4634.87,
3437.44,4453.33,4608.21,4146.67,4483.59,4549.23,4270.26,4171.28,4343.59,4685.64,4669.23,4813.33,4878.97,4636.41,
3434.87,4451.79,4607.69,4144.62,4484.62,4548.21,4270.77,4170.77,4343.59,4685.64,4670.77,4815.9,4878.97,4636.41,
3434.36,4449.23,4611.28,4143.59,4482.05,4549.74,4274.36,4171.28,4344.1,4685.64,4674.36,4815.38,4878.97,4635.38,
3436.41,4448.21,4611.79,4146.67,4481.54,4550.26,4272.82,4172.31,4345.13,4685.64,4674.87,4813.33,4878.97,4635.38,
3437.95,4448.21,4608.21,4145.13,4484.1,4548.72,4272.31,4169.74,4345.13,4685.64,4671.28,4815.38,4878.97,4636.41,
3434.87,4447.69,4608.21,4142.56,4484.1,4547.18,4275.38,4167.18,4344.1,4685.64,4671.28,4816.41,4878.97,4636.92,
3432.31,4449.74,4611.28,4146.15,4482.05,4550.26,4278.46,4169.74,4341.54,4685.64,4673.33,4813.33,4878.97,4635.9,
3433.33,4451.28,4611.79,4148.21,4482.05,4552.31,4276.41,4171.79,4340.51,4685.64,4672.82,4813.33,4878.97,4636.41,
3435.38,4450.77,4610.26,4148.21,4481.54,4550.77,4274.36,4168.72,4343.59,4685.64,4672.31,4815.38,4878.97,4638.97,
3435.38,4453.33,4608.21,4148.21,4481.54,4550.77,4276.41,4169.74,4344.62,4685.64,4670.77,4814.87,4878.97,4637.95,
3434.36,4452.82,4610.26,4145.64,4482.05,4550.26,4275.38,4171.79,4344.1,4685.64,4669.74,4814.87,4878.97,4635.38,
3434.36,4450.26,4611.79,4144.1,4483.08,4548.72,4273.33,4170.26,4343.08,4685.64,4671.79,4814.87,4878.97,4637.95,
3435.9,4451.28,4610.77,4145.64,4484.62,4549.74,4274.36,4170.26,4342.56,4685.64,4672.31,4814.87,4878.97,4638.46,
3436.92,4452.82,4611.79,4146.15,4485.13,4550.26,4275.9,4171.28,4344.1,4685.64,4670.77,4815.9,4878.97,4634.87,
3435.9,4452.82,4610.77,4146.67,4482.56,4548.21,4276.41,4170.77,4344.1,4685.64,4669.74,4815.9,4878.97,4634.87,
3436.41,4449.23,4606.67,4148.21,4482.56,4547.69,4274.87,4170.26,4343.08,4685.64,4668.21,4813.33,4878.97,4637.44,
3436.41,4448.21,4607.18,4145.13,4484.62,4548.21,4271.28,4169.23,4344.1,4685.64,4668.72,4813.33,4878.97,4637.44,
3434.87,4451.28,4610.77,4144.1,4481.54,4548.72,4270.77,4168.72,4345.13,4685.64,4671.79,4816.41,4878.97,4635.9,
3434.36,4451.79,4610.77,4146.15,4481.54,4549.23,4273.33,4170.26,4345.64,4685.64,4672.82,4815.38,4878.97,4634.87,
3434.87,4450.26,4608.72,4148.72,4485.64,4548.72,4274.87,4171.28,4346.15,4685.64,4672.82,4810.26,4878.97,4635.9,
3434.87,4451.28,4609.74,4147.69,4484.62,4546.67,4274.36,4169.74,4344.1,4685.64,4673.85,4812.31,4878.97,4636.92,
3436.41,4452.82,4610.77,4145.64,4481.03,4549.23,4272.82,4168.21,4342.56,4685.64,4671.28,4815.9,4878.97,4633.33,
3436.41,4451.79,4610.26,4147.18,4482.05,4552.82,4274.36,4169.23,4345.64,4685.64,4670.26,4814.87,4878.97,4632.82,
3433.85,4450.77,4610.77,4147.18,4482.05,4550.26,4277.95,4170.26,4345.13,4685.64,4672.82,4815.38,4878.97,4636.41,
3433.85,4449.74,4610.26,4146.15,4481.03,4550.26,4275.9,4169.74,4343.59,4685.64,4671.79,4816.92,4878.97,4637.44,
3438.97,4449.23,4610.77,4146.67,4481.54,4552.31,4274.36,4169.74,4344.1,4685.64,4669.23,4815.9,4878.97,4636.41,
3438.97,4451.28,4609.74,4145.64,4481.03,4550.26,4275.38,4170.77,4343.08,4685.64,4671.79,4814.87,4878.97,4635.9,
3435.9,4452.82,4607.18,4145.13,4482.05,4548.72,4273.85,4171.28,4343.08,4685.64,4674.87,4815.9,4878.97,4634.87,
3435.9,4448.72,4610.26,4145.64,4483.59,4549.23,4272.31,4170.77,4343.08,4685.64,4673.33,4814.87,4878.97,4634.36,
3435.38,4448.21,4614.36,4145.64,4482.56,4548.72,4272.82,4170.77,4340,4685.64,4671.79,4812.82,4878.97,4635.38,
3435.38,4452.31,4611.79,4146.15,4482.05,4547.69,4272.82,4170.26,4340.51,4686.15,4672.82,4815.38,4878.97,4635.38,
3437.44,4452.82,4609.74,4147.69,4482.05,4548.21,4272.31,4169.23,4345.13,4685.13,4672.82,4815.9,4878.97,4634.87,
3437.44,4450.26,4610.26,4147.18,4483.08,4550.77,4274.87,4170.77,4344.62,4685.64,4672.31,4814.87,4878.97,4635.9,
3435.9,4447.69,4610.26,4145.13,4484.1,4549.74,4273.85,4172.31,4341.54,4685.64,4672.82,4816.92,4878.97,4635.9,
3435.9,4449.23,4609.74,4146.67,4483.59,4549.23,4271.79,4170.77,4342.05,4683.59,4672.31,4816.92,4878.97,4634.87,
3435.38,4450.26,4609.74,4146.67,4482.56,4552.31,4272.82,4170.26,4342.05,4679.49,4672.82,4811.79,4878.97,4635.9,
3434.87,4448.72,4611.28,4144.62,4482.05,4551.28,4272.82,4171.28,4342.05,4678.46,4673.33,4812.82,4878.97,4638.46,
3437.44,4450.26,4612.31,4148.72,4482.56,4548.21,4272.31,4169.74,4343.59,4682.05,4673.33,4816.92,4878.97,4636.92,
3435.9,4452.31,4612.31,4150.77,4483.59,4550.26,4273.33,4168.21,4343.08,4685.13,4672.82,4815.9,4878.97,4635.9,
3431.79,4451.28,4610.77,4146.15,4484.1,4551.28,4274.36,4171.28,4342.05,4686.15,4670.77,4812.82,4878.97,4637.44,
3433.33,4452.31,4609.74,4142.05,4484.1,4551.28,4273.85,4172.31,4344.1,4685.64,4668.21,4812.82,4878.97,4636.92,
3437.44,4450.77,4611.79,4145.64,4484.1,4552.31,4272.82,4170.26,4344.1,4685.64,4669.74,4813.33,4878.97,4635.9,
3435.38,4446.15,4611.28,4150.77,4482.56,4552.82,4275.38,4170.77,4343.08,4684.62,4673.85,4810.77,4878.97,4636.41,
3434.87,4449.23,4610.77,4149.23,4481.03,4552.82,4274.87,4170.26,4341.54,4684.62,4670.77,4812.31,4878.97,4636.92,
3437.95,4452.82,4611.28,4146.67,4484.1,4551.79,4271.79,4168.21,4343.59,4685.64,4667.18,4815.9,4878.97,4635.9,
3435.38,4450.77,4611.28,4148.21,4486.15,4548.21,4271.28,4170.26,4346.67,4685.64,4669.23,4815.38,4878.97,4634.87,
3432.82,4449.23,4611.79,4147.18,4482.56,4547.69,4272.82,4171.79,4343.59,4685.13,4673.33,4813.85,4878.97,4636.41,
3435.38,4450.26,4610.26,4144.62,4483.59,4549.23,4274.36,4169.23,4340.51,4685.64,4672.82,4812.82,4878.97,4635.9,
3436.92,4450.77,4608.21,4145.13,4488.21,4548.21,4275.38,4170.26,4344.62,4685.64,4672.31,4813.33,4878.97,4636.41,
3436.41,4448.72,4611.28,4147.69,4485.64,4547.69,4273.33,4171.79,4346.15,4685.64,4673.85,4814.36,4878.46,4640,
3436.41,4450.77,4613.85,4149.23,4483.08,4549.23,4270.26,4168.21,4343.08,4685.64,4672.31,4813.85,4880,4638.46,
3435.38,4450.26,4611.79,4147.18,4485.13,4549.74,4270.26,4168.21,4342.56,4685.64,4671.79,4815.9,4879.49,4636.41,
3433.85,4448.21,4609.74,4146.67,4483.59,4549.23,4274.36,4171.28,4344.62,4685.64,4673.85,4816.41,4880,4638.46,
3434.87,4449.74,4611.79,4149.23,4481.54,4548.21,4274.87,4170.26,4345.64,4685.64,4673.33,4813.85,4883.08,4637.95,
3434.87,4451.28,4612.82,4148.21,4484.62,4548.21,4271.28,4168.72,4343.59,4685.64,4671.79,4813.85,4882.05,4636.41,
3434.87,4449.74,4611.28,4144.62,4485.64,4550.26,4270.77,4170.26,4342.05,4685.64,4671.79,4816.41,4878.97,4637.44,
3436.92,4447.18,4609.74,4145.64,4481.03,4549.74,4271.79,4171.79,4342.56,4685.64,4670.77,4815.9,4878.46,4635.9,
3437.44,4451.28,4608.72,4146.67,4480.51,4550.26,4274.36,4171.79,4345.13,4685.13,4671.28,4812.82,4879.49,4634.36,
3436.41,4454.36,4609.74,4146.67,4484.1,4552.31,4275.9,4171.28,4345.13,4686.15,4673.85,4812.31,4877.95,4635.9,
3436.41,4450.26,4610.77,4147.18,4483.59,4549.23,4275.38,4169.23,4342.56,4685.13,4673.33,4814.36,4878.46,4635.38,
3435.38,4448.72,4611.28,4145.64,4480.51,4545.13,4275.9,4168.72,4341.54,4681.03,4672.82,4813.33,4880,4634.87,
3434.87,4450.77,4613.33,4145.13,4480,4547.69,4274.36,4169.74,4343.08,4679.49,4674.36,4811.28,4879.49,4635.9,
3437.95,4453.33,4614.36,4145.64,4481.54,4550.77,4272.31,4171.28,4343.59,4681.03,4674.36,4813.33,4879.49,4634.87,
3439.49,4452.82,4611.79,4145.13,4482.05,4550.77,4273.33,4170.26,4342.05,4681.03,4671.79,4816.41,4878.97,4634.87,
3437.44,4450.77,4611.28,4144.62,4482.56,4549.23,4273.85,4169.74,4342.05,4680,4671.79,4815.9,4878.97,4633.85,
3433.33,4451.28,4611.28,4145.13,4484.1,4549.74,4273.33,4171.79,4342.56,4680,4671.79,4813.33,4878.97,4633.33,
3428.72,4453.33,4609.23,4145.64,4484.1,4550.77,4273.85,4170.77,4342.56,4679.49,4670.26,4812.31,4878.97,4635.9,
3431.28,4452.82,4607.18,4146.67,4483.08,4550.77,4272.82,4168.72,4342.56,4680,4670.77,4811.79,4878.97,4636.92,
3434.87,4450.77,4608.72,4148.21,4482.56,4550.26,4271.28,4170.26,4343.08,4680,4669.23,4810.77,4878.97,4634.87,
3426.67,4448.21,4612.31,4146.67,4482.05,4548.72,4272.82,4172.31,4342.56,4679.49,4669.23,4810.26,4878.97,4634.87,
3449.74,4449.74,4612.31,4146.15,4483.08,4549.23,4276.41,4169.74,4343.08,4680,4671.79,4809.23,4878.97,4636.92,
3528.21,4452.31,4611.79,4148.21,4483.59,4549.74,4275.38,4168.21,4344.62,4680,4671.79,4810.77,4878.97,4636.41,
3584.62,4450.77,4613.33,4148.21,4481.54,4548.21,4273.85,4170.26,4344.62,4678.97,4670.77,4813.85,4878.97,4635.9,
3581.54,4451.28,4611.79,4145.64,4481.54,4549.74,4273.85,4171.28,4343.08,4681.03,4672.31,4814.36,4878.97,4636.41,
3577.44,4452.31,4609.74,4145.64,4482.56,4551.28,4271.79,4168.72,4342.56,4685.64,4673.33,4814.36,4878.97,4634.87,
3589.74,4452.82,4611.79,4150.26,4482.05,4549.23,4270.77,4169.74,4343.08,4686.15,4671.79,4813.85,4878.97,4633.33,
3588.72,4454.36,4612.31,4149.74,4482.05,4548.72,4273.85,4172.82,4342.56,4684.1,4671.79,4813.85,4878.97,4633.33,
3582.05,4454.36,4609.23,4148.72,4484.1,4550.77,4273.85,4170.77,4342.56,4685.13,4671.79,4813.33,4878.97,4634.87,
3583.08,4452.82,4608.72,4150.77,4484.1,4550.77,4273.33,4168.21,4344.1,4686.15,4669.74,4813.85,4878.97,4634.87,
3584.1,4451.28,4611.79,4150.26,4482.05,4549.74,4274.36,4168.21,4344.62,4685.64,4668.72,4813.85,4878.97,4635.9,
3583.08,4450.26,4612.31,4148.72,4481.54,4549.23,4274.87,4168.72,4343.59,4685.13,4670.77,4811.79,4878.97,4635.9,
3584.1,4451.79,4609.74,4149.23,4482.05,4549.23,4272.31,4168.72,4343.08,4685.64,4672.31,4812.31,4878.97,4635.38,
3585.64,4452.82,4609.74,4148.21,4483.08,4549.74,4269.23,4170.26,4343.08,4685.64,4672.31,4814.36,4878.97,4634.36,
3588.72,4451.28,4611.79,4148.21,4485.64,4551.28,4271.28,4171.28,4343.59,4685.64,4671.79,4812.31,4878.97,4632.82,
3586.67,4449.23,4611.79,4148.72,4483.59,4550.77,4276.92,4170.77,4344.62,4685.64,4672.82,4810.77,4878.97,4635.9,
3584.62,4451.79,4610.26,4148.21,4483.08,4548.21,4275.9,4170.26,4343.08,4685.64,4671.79,4812.82,4878.97,4639.49,
3592.82,4454.36,4609.74,4148.72,4485.13,4548.21,4271.28,4170.26,4342.56,4685.64,4669.23,4814.36,4878.97,4637.44,
3564.1,4451.28,4610.26,4148.21,4484.62,4549.74,4270.26,4171.28,4344.1,4685.64,4670.77,4812.82,4878.97,4634.87,
3487.69,4450.77,4610.77,4148.21,4483.59,4549.74,4272.31,4171.28,4344.1,4685.64,4671.79,4813.85,4878.97,4636.41,
3438.46,4451.79,4611.79,4149.74,4484.62,4548.21,4272.82,4171.28,4342.05,4685.64,4669.23,4815.9,4878.97,4635.9,
3440,4450.26,4611.79,4148.72,4483.59,4549.23,4273.33,4170.77,4342.56,4685.64,4670.26,4812.31,4878.97,4633.85,
3440,4450.77,4611.28,4145.64,4483.59,4551.28,4273.85,4170.26,4343.59,4686.15,4673.33,4809.23,4878.97,4634.36,
3432.82,4452.82,4612.31,4146.15,4484.62,4551.28,4273.85,4170.26,4345.64,4685.13,4674.36,4811.28,4878.97,4636.92,
3434.87,4453.33,4612.31,4147.18,4482.56,4550.26,4276.92,4170.77,4347.18,4685.64,4674.87,4812.31,4878.97,4638.97,
3434.87,4452.31,4612.31,4146.15,4481.03,4551.79,4275.9,4170.26,4345.13,4686.15,4673.85,4811.79,4878.97,4637.95,
3435.9,4450.77,4612.31,4145.64,4483.08,4552.82,4271.79,4169.23,4341.54,4682.56,4672.82,4811.79,4878.97,4635.38,
3437.95,4451.79,4612.31,4147.69,4485.13,4550.26,4273.85,4171.28,4343.08,4678.97,4673.33,4810.26,4878.97,4635.38,
3437.44,4453.33,4614.36,4147.69,4485.13,4549.74,4276.41,4171.79,4345.13,4679.49,4672.82,4810.26,4878.97,4636.92,
3438.46,4452.82,4613.33,4145.13,4484.1,4550.77,4274.36,4170.77,4343.59,4681.03,4671.28,4811.79,4878.97,4635.38,
3436.41,4451.28,4609.74,4146.15,4482.56,4550.26,4274.36,4169.74,4342.56,4684.1,4672.31,4812.31,4878.97,4633.85,
3434.36,4451.28,4611.28,4148.21,4481.54,4549.74,4273.85,4170.77,4343.59,4688.72,4672.31,4812.31,4878.97,4636.92,
3435.38,4452.82,4612.82,4149.74,4481.54,4550.26,4271.28,4171.28,4344.1,4689.74,4671.28,4812.82,4878.97,4637.95,
3437.44,4452.31,4611.79,4148.72,4481.03,4549.74,4273.33,4171.28,4344.62,4688.72,4670.77,4812.82,4878.97,4636.41,
3437.44,4450.26,4611.28,4147.18,4481.03,4550.26,4276.92,4170.77,4343.59,4689.23,4671.28,4812.82,4878.97,4635.9,
3436.92,4451.79,4611.28,4147.18,4483.08,4551.28,4274.87,4171.28,4343.08,4689.23,4673.85,4811.28,4878.97,4635.38,
3436.92,4453.33,4611.28,4146.15,4483.59,4550.77,4273.85,4171.79,4344.62,4688.72,4673.33,4811.79,4878.97,4635.38,
3435.38,4452.31,4610.77,4145.13,4483.59,4550.26,4276.92,4171.28,4346.15,4688.72,4669.74,4812.82,4878.97,4636.92,
3436.92,4450.26,4611.28,4146.67,4484.1,4548.72,4275.38,4172.82,4343.59,4688.72,4671.28,4813.33,4878.97,4636.92,
3438.46,4452.82,4612.82,4146.67,4484.62,4549.23,4274.87,4172.31,4341.03,4688.72,4672.82,4812.31,4878.97,4635.9,
3435.9,4454.87,4612.31,4145.13,4483.08,4550.77,4276.92,4170.77,4343.08,4688.72,4669.23,4812.31,4878.97,4636.41,
3433.85,4452.31,4610.77,4146.67,4480.51,4549.74,4275.38,4170.77,4346.15,4688.72,4669.23,4813.33,4878.97,4635.38,
3434.36,4451.79,4611.28,4149.23,4480.51,4549.74,4273.33,4169.23,4345.13,4688.72,4673.85,4813.85,4878.97,4632.82,
3438.46,4453.85,4612.31,4147.69,4483.08,4550.26,4273.85,4168.72,4343.08,4688.72,4672.31,4814.87,4878.97,4634.87,
3438.97,4451.79,4611.28,4145.64,4483.59,4549.23,4273.33,4171.28,4343.08,4688.72,4670.77,4813.85,4878.97,4636.92,
3435.38,4449.74,4610.77,4146.67,4482.56,4550.26,4274.36,4172.82,4343.59,4688.72,4671.79,4810.77,4878.97,4635.38,
3436.41,4450.77,4611.79,4147.18,4482.05,4550.77,4275.9,4170.26,4342.56,4688.72,4670.77,4810.77,4878.97,4636.92,
3437.95,4452.82,4611.79,4148.21,4484.1,4549.74,4274.36,4170.26,4341.54,4688.72,4668.21,4812.82,4878.97,4638.46,
3435.9,4452.82,4612.31,4148.72,4484.1,4549.74,4273.33,4170.26,4343.08,4688.72,4669.23,4812.31,4878.97,4635.38,
3434.87,4452.31,4611.79,4146.67,4482.56,4550.26,4273.33,4169.74,4346.15,4688.72,4672.31,4812.31,4878.97,4635.38,
3437.44,4452.31,4610.77,4148.21,4482.56,4550.77,4273.33,4170.26,4345.13,4688.72,4673.33,4812.82,4878.97,4636.92,
3438.46,4449.74,4614.36,4150.26,4483.08,4550.26,4273.33,4171.28,4342.05,4688.72,4673.33,4811.79,4878.97,4636.92,
3437.44,4450.26,4615.38,4149.23,4483.59,4550.26,4272.82,4172.31,4342.05,4688.72,4672.82,4811.79,4878.97,4634.36,
3438.46,4453.33,4611.28,4148.72,4484.1,4550.26,4273.85,4172.31,4344.62,4688.72,4671.28,4813.33,4878.97,4634.87,
3438.46,4450.26,4612.31,4150.26,4483.59,4550.26,4274.36,4171.28,4346.15,4688.72,4671.79,4813.85,4878.97,4638.46,
3435.9,4447.69,4615.9,4150.77,4482.05,4549.74,4271.28,4171.79,4345.64,4688.72,4672.82,4811.79,4878.97,4637.95,
3434.87,4449.74,4612.82,4149.23,4482.05,4548.72,4272.31,4171.28,4343.59,4688.72,4672.31,4811.79,4878.97,4635.9,
3437.44,4451.28,4610.26,4148.21,4483.59,4549.23,4275.38,4170.77,4344.1,4688.72,4669.74,4813.85,4878.97,4638.97,
3438.97,4451.79,4611.79,4147.18,4481.54,4550.77,4272.82,4171.79,4344.62,4688.72,4667.69,4812.31,4878.97,4638.97,
3437.44,4451.28,4612.82,4146.15,4480,4549.23,4270.77,4169.74,4342.56,4688.72,4670.77,4809.74,4878.97,4634.36,
3437.95,4452.82,4612.31,4148.72,4483.08,4547.69,4273.33,4167.18,4341.54,4688.72,4673.33,4809.23,4878.97,4634.36,
3438.46,4452.31,4612.31,4150.77,4485.64,4549.23,4272.31,4170.26,4341.54,4688.72,4670.26,4810.26,4878.97,4635.9,
3438.97,4451.28,4612.31,4149.23,4484.1,4550.26,4271.79,4172.82,4344.1,4688.72,4668.72,4809.23,4878.97,4634.36,
3439.49,4451.79,4613.33,4146.67,4483.59,4551.79,4274.87,4170.26,4346.67,4688.72,4671.28,4810.77,4879.49,4633.85,
3438.97,4452.31,4612.82,4147.18,4482.56,4550.26,4273.33,4170.26,4346.15,4688.72,4673.85,4811.79,4878.46,4635.38,
3436.92,4451.79,4611.28,4147.69,4481.54,4546.67,4270.77,4173.33,4343.08,4688.72,4673.85,4810.26,4877.95,4634.87,
3435.38,4451.28,4612.31,4147.18,4482.05,4548.21,4273.33,4172.31,4342.56,4688.72,4672.31,4810.26,4878.46,4635.9,
3437.44,4452.82,4612.31,4147.69,4482.56,4549.74,4274.36,4171.28,4343.08,4688.72,4673.33,4811.28,4878.97,4637.44,
3440,4453.85,4611.28,4148.21,4483.59,4548.21,4273.85,4172.31,4342.56,4688.72,4675.38,4810.77,4879.49,4636.41,
3437.44,4451.79,4611.79,4147.69,4482.56,4548.21,4271.79,4171.79,4342.56,4688.72,4671.79,4810.77,4879.49,4634.87,
3435.9,4451.28,4613.33,4149.23,4483.08,4551.28,4273.33,4169.23,4345.13,4688.72,4670.26,4810.77,4878.46,4636.41,
3438.97,4453.85,4612.82,4151.28,4484.1,4552.82,4275.38,4168.72,4345.64,4688.72,4673.33,4811.28,4877.95,4636.92,
3439.49,4452.82,4611.79,4150.26,4481.54,4551.79,4274.36,4170.77,4343.59,4688.72,4671.28,4813.33,4878.46,4635.9,
3435.9,4448.72,4612.31,4149.74,4483.59,4550.77,4274.87,4172.82,4343.08,4688.72,4670.26,4812.82,4878.46,4635.38,
3437.95,4447.69,4612.31,4148.21,4484.1,4550.26,4275.38,4172.31,4343.08,4688.72,4674.36,4812.31,4878.46,4635.9,
3438.46,4451.28,4611.79,4146.67,4481.03,4550.26,4273.33,4170.77,4344.62,4688.72,4673.85,4813.85,4878.46,4635.38,
3433.85,4451.28,4612.82,4148.72,4483.08,4550.26,4274.36,4170.26,4345.13,4688.72,4670.26,4813.85,4878.46,4635.9,
3432.82,4447.69,4613.33,4147.69,4485.64,4549.74,4277.44,4170.77,4342.56,4688.72,4671.28,4812.82,4878.46,4635.9,
3437.95,4448.72,4610.26,4144.62,4482.05,4549.23,4276.41,4172.82,4343.08,4688.72,4670.77,4813.33,4878.46,4634.87,
3438.97,4454.87,4610.77,4146.67,4478.46,4549.23,4272.31,4171.28,4345.64,4688.72,4667.69,4812.82,4878.46,4635.9,
3436.41,4455.38,4613.33,4147.69,4480.51,4551.79,4271.28,4169.23,4345.64,4688.72,4668.72,4809.23,4878.46,4636.92,
3437.44,4450.77,4611.28,4146.15,4483.59,4552.31,4273.33,4168.72,4344.1,4688.72,4671.79,4809.23,4878.46,4635.9,
3438.97,4449.23,4613.33,4147.18,4482.56,4548.72,4274.36,4169.74,4345.13,4688.72,4672.31,4814.36,4878.46,4634.87,
3436.92,4452.31,4615.9,4149.74,4480,4549.23,4273.85,4170.77,4346.15,4688.72,4670.77,4813.33,4878.46,4636.92,
3437.44,4453.33,4613.33,4149.23,4480,4551.28,4273.33,4171.79,4345.64,4688.72,4669.74,4808.72,4878.46,4637.95,
3440,4452.82,4611.79,4147.69,4483.08,4550.77,4273.33,4171.79,4344.62,4688.72,4670.26,4809.23,4878.46,4634.36,
3437.44,4451.79,4612.82,4147.69,4484.62,4551.79,4273.85,4172.31,4342.56,4688.72,4674.87,4812.31,4878.46,4633.33,
3434.87,4449.74,4613.33,4147.18,4482.56,4550.77,4274.36,4172.82,4342.56,4688.72,4675.9,4813.33,4878.46,4635.38,
3436.92,4451.28,4612.82,4144.62,4481.54,4547.69,4273.33,4170.77,4343.59,4688.72,4671.28,4811.79,4878.46,4635.38,
3437.95,4452.82,4612.31,4145.64,4482.05,4548.21,4273.85,4169.74,4343.08,4688.72,4670.77,4809.74,4878.46,4635.38,
3436.41,4451.28,4612.82,4147.69,4483.08,4550.26,4275.38,4170.77,4342.05,4688.72,4672.82,4812.31,4878.46,4635.9,
3436.41,4451.28,4613.33,4145.13,4482.05,4550.26,4276.41,4170.26,4342.56,4688.72,4671.79,4813.85,4878.46,4635.9,
3438.46,4451.28,4612.31,4145.64,4480,4548.72,4273.85,4169.74,4343.08,4688.72,4670.77,4811.28,4878.46,4636.41,
3438.46,4451.28,4611.79,4149.23,4482.56,4548.72,4272.31,4172.82,4344.1,4688.72,4671.79,4811.28,4877.95,4638.46,
3436.92,4453.85,4612.31,4148.21,4484.1,4549.74,4276.41,4173.85,4345.64,4688.72,4670.26,4812.82,4878.46,4636.92,
3438.46,4454.36,4612.31,4146.15,4481.03,4551.28,4276.41,4170.77,4344.62,4688.72,4670.26,4810.77,4878.97,4635.38,
3440,4451.28,4612.31,4148.72,4479.49,4551.79,4272.31,4169.74,4343.59,4688.72,4672.31,4810.77,4877.95,4635.9,
3437.44,4450.26,4613.85,4149.23,4483.08,4551.28,4272.82,4171.28,4343.08,4688.72,4672.82,4811.79,4878.46,4635.9,
3435.9,4452.82,4613.33,4148.72,4484.1,4550.26,4277.44,4171.28,4343.59,4688.72,4671.28,4809.23,4879.49,4634.87,
3437.44,4453.33,4610.26,4149.23,4482.05,4549.74,4277.44,4171.28,4345.13,4688.72,4668.72,4808.21,4878.97,4635.38,
3435.38,4451.79,4611.79,4147.18,4482.56,4550.26,4273.85,4171.28,4345.13,4688.72,4670.77,4809.74,4878.97,4636.92,
3437.44,4452.82,4614.87,4148.21,4482.05,4550.77,4271.79,4169.74,4344.1,4688.72,4671.79,4810.77,4880,4635.9,
3442.56,4451.79,4613.85,4149.74,4481.03,4549.74,4271.79,4171.28,4344.62,4688.72,4671.79,4812.31,4880,4636.41,
3440.51,4449.74,4611.79,4147.18,4483.08,4548.72,4273.33,4171.28,4343.59,4688.72,4672.82,4812.82,4880,4638.97,
3435.9,4452.31,4612.82,4147.18,4485.13,4552.31,4274.87,4169.23,4342.56,4688.72,4670.77,4810.77,4880,4637.95,
3438.97,4453.85,4614.36,4148.72,4480.51,4554.36,4274.36,4170.26,4344.1,4688.72,4670.26,4809.23,4880,4635.38,
3440,4453.33,4613.85,4148.72,4478.46,4551.28,4275.38,4172.31,4343.59,4688.72,4671.28,4808.21,4880,4634.87,
3435.9,4453.85,4612.82,4147.69,4482.05,4548.21,4273.85,4170.77,4343.08,4688.72,4669.74,4810.26,4880,4635.9,
3435.9,4454.36,4612.82,4149.23,4481.54,4550.26,4274.36,4170.77,4345.64,4688.72,4669.74,4811.28,4880,4636.92,
3438.97,4452.82,4611.79,4149.74,4480,4551.28,4277.44,4173.85,4345.13,4688.72,4671.79,4809.74,4880,4637.44,
3437.44,4450.77,4612.31,4147.18,4481.54,4547.18,4275.9,4172.82,4341.54,4688.72,4671.28,4810.77,4880,4635.38,
3435.38,4452.82,4613.85,4147.18,4483.59,4547.69,4273.33,4171.79,4343.08,4689.23,4670.26,4810.77,4880,4633.85,
3437.44,4452.82,4614.87,4147.69,4483.08,4551.79,4273.85,4172.31,4345.64,4688.72,4671.79,4810.77,4880,4635.38,
3439.49,4451.28,4613.33,4146.15,4483.59,4550.26,4273.33,4172.31,4342.56,4687.69,4671.79,4812.31,4880,4637.95,
3438.46,4452.82,4611.79,4147.69,4485.64,4547.18,4272.82,4171.28,4343.08,4690.77,4671.28,4810.77,4880,4636.92,
3436.92,4452.82,4614.36,4149.74,4485.13,4548.72,4273.33,4169.74,4345.64,4688.21,4672.31,4808.72,4880,4636.92,
3437.95,4452.31,4614.36,4148.21,4484.62,4549.74,4274.36,4170.26,4343.08,4680.51,4672.82,4809.74,4880,4636.92,
3441.54,4453.85,4611.79,4147.18,4483.59,4549.74,4274.87,4170.26,4341.03,4681.54,4672.31,4810.77,4880,4636.41,
3441.03,4455.38,4613.33,4149.23,4482.56,4551.28,4275.38,4169.23,4344.62,4684.62,4671.79,4810.26,4880,4637.95,
3437.44,4453.33,4615.9,4150.26,4484.62,4552.31,4274.87,4171.28,4346.67,4680.51,4670.77,4810.77,4880,4638.97,
3438.46,4450.77,4615.9,4148.21,4484.1,4550.77,4273.33,4172.31,4343.59,4678.97,4670.77,4809.23,4880,4635.9,
3441.03,4450.77,4613.33,4146.67,4481.54,4550.26,4273.33,4169.23,4341.03,4682.56,4671.28,4807.69,4880,4634.87,
3437.95,4452.82,4610.77,4148.21,4482.56,4550.77,4273.85,4168.21,4342.56,4681.03,4669.74,4810.26,4880.51,4636.92,
3435.9,4453.85,4611.28,4147.69,4482.56,4550.26,4272.31,4170.77,4345.13,4680,4669.23,4811.28,4879.49,4636.41,
3437.95,4452.31,4614.87,4144.1,4482.56,4550.26,4272.31,4171.79,4345.64,4681.03,4672.31,4807.69,4877.44,4633.85,
3440,4452.31,4614.36,4145.64,4484.1,4550.77,4275.38,4171.28,4343.59,4680,4673.85,4807.69,4877.44,4635.38,
3439.49,4453.85,4612.82,4148.72,4485.13,4550.77,4276.41,4171.28,4341.54,4680.51,4669.74,4811.79,4877.95,4634.87,
3439.49,4453.33,4614.87,4148.72,4482.56,4550.77,4274.36,4171.28,4342.05,4680.51,4667.18,4813.33,4877.44,4632.82,
3441.03,4450.26,4616.41,4147.69,4480.51,4547.69,4272.31,4171.28,4344.1,4680.51,4670.26,4811.28,4876.92,4635.9,
3439.49,4450.77,4612.82,4145.64,4482.05,4546.67,4271.79,4170.26,4345.13,4680.51,4672.82,4809.23,4877.44,4638.97,
3437.95,4454.36,4612.31,4146.67,4483.08,4548.72,4272.82,4170.26,4343.08,4680.51,4671.28,4810.77,4877.44,4636.92,
3438.46,4453.33,4614.36,4147.69,4481.03,4548.72,4273.85,4172.82,4343.08,4680.51,4672.31,4812.31,4876.92,4636.41,
3438.97,4451.28,4611.79,4145.64,4480.51,4547.69,4275.38,4173.85,4345.64,4680.51,4674.87,4810.26,4877.44,4637.95,
3437.95,4452.82,4610.77,4145.13,4483.08,4549.23,4274.36,4171.28,4344.1,4680.51,4671.79,4808.72,4879.49,4638.97,
3438.46,4452.82,4613.33,4149.23,4484.1,4552.31,4273.33,4170.77,4343.59,4680.51,4668.72,4810.77,4880.51,4636.41,
3441.03,4451.28,4613.85,4149.74,4483.59,4551.79,4272.82,4172.82,4344.1,4680.51,4671.79,4811.79,4880,4634.36,
3441.54,4452.31,4613.33,4147.18,4482.56,4547.69,4272.31,4171.28,4343.08,4680.51,4673.85,4810.77,4877.95,4637.44,
3438.46,4453.33,4613.33,4148.21,4481.54,4547.18,4274.36,4169.23,4342.56,4680.51,4669.74,4809.23,4878.46,4639.49,
3437.44,4448.72,4613.33,4148.21,4482.56,4550.26,4274.87,4170.77,4344.1,4680.51,4670.77,4808.21,4881.03,4637.44,
3438.46,4449.74,4612.31,4147.69,4483.08,4550.26,4273.33,4172.82,4344.62,4680.51,4673.85,4808.72,4879.49,4635.9,
3436.41,4454.87,4611.79,4149.74,4482.05,4548.72,4273.85,4172.31,4343.59,4680.51,4669.74,4810.77,4876.92,4636.92,
3436.41,4454.36,4612.31,4149.23,4480.51,4550.26,4271.79,4170.26,4343.59,4680.51,4668.21,4810.26,4878.46,4637.95,
3440,4453.85,4613.85,4146.67,4482.05,4550.77,4271.28,4169.74,4345.13,4680.51,4673.85,4809.23,4880,4637.44,
3441.03,4454.36,4613.85,4147.69,4484.1,4550.26,4275.38,4170.77,4345.13,4680.51,4675.9,4808.72,4879.49,4634.36,
3437.44,4454.36,4612.82,4147.18,4483.08,4551.28,4277.44,4172.82,4343.08,4680.51,4671.79,4807.18,4878.97,4633.85,
3435.38,4452.82,4614.36,4143.08,4482.56,4550.77,4273.85,4173.33,4342.56,4680.51,4670.26,4807.69,4878.97,4637.95,
3436.92,4451.28,4615.9,4145.64,4483.59,4548.72,4273.33,4171.79,4342.56,4680.51,4671.28,4811.79,4877.95,4638.46,
3439.49,4452.82,4614.36,4149.74,4483.59,4549.23,4275.38,4170.26,4342.56,4680.51,4673.33,4809.23,4878.46,4635.38,
3441.54,4451.79,4613.33,4148.21,4482.56,4550.77,4273.33,4169.23,4343.59,4680.51,4672.82,4807.69,4878.46,4636.41,
3440.51,4451.79,4614.36,4145.13,4482.56,4551.79,4272.82,4169.74,4344.1,4680.51,4671.28,4812.31,4878.46,4638.46,
3440,4454.87,4614.36,4146.15,4483.08,4551.28,4273.85,4171.28,4344.1,4680.51,4671.79,4812.31,4878.46,4637.44,
3441.54,4454.36,4612.31,4147.18,4481.54,4547.69,4271.28,4170.77,4344.62,4680.51,4671.79,4807.18,4878.46,4636.92,
3441.03,4452.82,4612.31,4146.67,4481.54,4547.69,4270.26,4169.74,4344.62,4680.51,4671.28,4808.72,4878.46,4638.97,
3438.46,4454.87,4613.85,4146.15,4482.56,4550.26,4273.33,4170.26,4343.59,4680.51,4673.33,4812.31,4878.46,4637.44,
3438.46,4453.33,4614.36,4144.62,4482.05,4551.79,4274.87,4171.28,4345.13,4680.51,4672.31,4809.74,4878.46,4634.36,
3439.49,4449.23,4612.82,4144.1,4482.05,4548.72,4275.38,4172.82,4346.15,4680.51,4668.72,4807.69,4878.46,4634.87,
3437.95,4450.26,4614.36,4146.67,4482.05,4546.67,4274.36,4172.82,4344.1,4680.51,4671.28,4809.74,4878.46,4637.44,
3437.95,4452.31,4614.36,4149.23,4484.62,4550.26,4272.82,4170.26,4341.54,4680.51,4674.36,4810.77,4878.46,4637.95,
3441.54,4452.31,4612.82,4148.72,4485.64,4550.77,4271.79,4168.21,4342.56,4680.51,4671.79,4810.26,4878.46,4638.46,
3441.03,4453.33,4612.82,4146.67,4483.59,4546.15,4273.85,4169.74,4344.1,4680.51,4669.23,4810.77,4878.46,4638.97,
3437.95,4453.33,4613.33,4146.15,4483.59,4549.23,4275.9,4171.79,4343.08,4680.51,4670.77,4810.77,4878.46,4637.44,
3440,4453.85,4614.36,4144.1,4485.13,4553.33,4273.85,4170.77,4342.56,4680.51,4673.33,4810.77,4878.46,4635.9,
3440.51,4454.87,4614.36,4144.62,4485.64,4550.77,4271.28,4171.28,4343.08,4680.51,4672.82,4808.21,4878.46,4634.87,
3436.41,4453.33,4614.36,4149.23,4484.62,4549.74,4273.85,4172.82,4344.1,4680.51,4671.79,4807.69,4878.46,4637.44,
3435.38,4451.79,4615.38,4148.21,4482.56,4549.74,4275.9,4172.31,4344.62,4680.51,4672.31,4811.28,4877.95,4637.44,
3440.51,4453.33,4615.38,4143.59,4483.08,4548.21,4273.85,4172.31,4344.62,4680.51,4671.79,4811.79,4878.46,4634.87,
3443.08,4454.36,4612.31,4145.13,4482.05,4549.74,4272.31,4170.77,4344.1,4680.51,4670.77,4808.21,4878.46,4635.9,
3439.49,4452.31,4612.82,4147.69,4480.51,4552.31,4272.82,4168.21,4345.64,4680.51,4671.79,4808.72,4877.44,4636.41,
3438.46,4452.31,4615.9,4145.13,4482.05,4550.26,4273.33,4171.79,4345.13,4680.51,4671.79,4810.26,4877.95,4633.85,
3440,4450.77,4615.38,4147.18,4482.56,4548.72,4272.82,4175.38,4342.56,4680.51,4669.74,4808.21,4878.97,4637.44,
3440.51,4450.77,4612.31,4152.31,4481.54,4552.31,4271.28,4172.31,4344.1,4680.51,4670.77,4809.23,4878.97,4641.03,
3441.03,4453.33,4613.85,4150.26,4484.1,4552.31,4270.77,4168.21,4345.64,4680.51,4671.79,4812.31,4878.46,4636.92,
3441.54,4454.87,4615.38,4146.15,4484.1,4549.23,4271.79,4169.74,4344.1,4680.51,4672.31,4809.23,4879.49,4634.87,
3437.95,4454.36,4610.77,4146.15,4482.05,4548.21,4273.85,4173.33,4344.1,4680.51,4673.33,4807.69,4879.49,4637.95,
3436.41,4452.82,4611.79,4146.67,4481.03,4551.28,4273.33,4172.31,4345.13,4680.51,4674.87,4811.79,4878.97,4637.44,
3438.97,4452.31,4614.36,4146.15,4484.1,4551.79,4272.82,4169.23,4344.62,4680.51,4672.82,4810.77,4879.49,4634.87,
3440,4451.28,4612.31,4145.13,4484.1,4548.72,4273.85,4170.26,4343.59,4680.51,4669.74,4809.23,4879.49,4636.41,
3440,4451.28,4612.82,4145.64,4479.49,4549.23,4272.82,4172.31,4342.56,4680.51,4670.77,4811.79,4878.46,4639.49,
3438.97,4451.79,4613.85,4149.23,4480.51,4550.77,4273.85,4168.72,4342.05,4680.51,4671.28,4810.26,4877.95,4638.46,
3437.44,4448.72,4613.85,4149.74,4484.62,4548.72,4276.41,4167.69,4345.13,4680.51,4669.74,4807.69,4878.46,4636.92,
3438.46,4449.74,4613.85,4145.64,4484.62,4549.23,4274.87,4175.38,4348.21,4680.51,4671.79,4808.72,4879.49,4636.41,
3441.54,4454.87,4614.36,4145.64,4483.59,4552.31,4272.31,4175.9,4345.13,4680.51,4674.87,4810.26,4878.97,4636.92,
3442.05,4455.9,4614.36,4147.69,4483.08,4550.77,4272.31,4171.28,4342.56,4680.51,4672.82,4810.77,4878.97,4636.41,
3438.97,4452.31,4613.33,4146.15,4483.59,4548.21,4272.31,4172.82,4345.13,4680.51,4670.26,4810.26,4880,4636.41,
3437.44,4451.79,4614.36,4146.67,4484.62,4549.23,4271.28,4174.36,4345.13,4680.51,4672.31,4808.72,4880,4638.46,
3438.97,4452.82,4614.87,4149.74,4483.08,4550.26,4273.33,4170.26,4342.05,4680.51,4673.33,4807.69,4880,4639.49,
3441.03,4453.33,4614.36,4149.74,4480.51,4549.74,4277.44,4169.23,4343.08,4680.51,4674.36,4809.23,4880,4637.44,
3438.97,4453.33,4613.33,4146.67,4482.56,4549.23,4274.87,4171.79,4343.59,4680.51,4673.33,4810.26,4879.49,4637.44,
3438.97,4453.33,4613.85,4146.67,4484.62,4550.77,4272.82,4171.28,4340.51,4680.51,4669.74,4809.23,4878.46,4638.46,
3441.54,4451.79,4614.36,4146.15,4481.54,4550.77,4272.82,4171.28,4341.54,4680.51,4668.72,4808.21,4878.46,4635.38,
3441.54,4449.74,4613.85,4145.64,4480.51,4549.23,4272.31,4170.77,4344.62,4680.51,4671.79,4809.23,4879.49,4633.33,
3441.54,4451.79,4614.36,4148.21,4482.05,4549.23,4273.33,4169.74,4343.08,4680.51,4672.31,4811.28,4879.49,4635.38,
3441.54,4452.82,4614.36,4148.21,4483.08,4549.23,4275.38,4169.23,4343.08,4680.51,4672.31,4812.31,4878.97,4636.41,
3438.46,4453.33,4613.85,4146.15,4482.56,4550.26,4277.44,4169.74,4346.67,4680.51,4672.82,4809.74,4879.49,4636.92,
3438.46,4453.85,4614.36,4147.18,4482.05,4551.28,4273.85,4170.77,4346.15,4680.51,4670.26,4808.72,4879.49,4638.97,
3441.54,4453.85,4616.41,4147.18,4483.59,4549.23,4270.77,4171.28,4343.59,4680.51,4670.26,4809.74,4879.49,4636.92,
3441.03,4452.82,4614.87,4146.15,4486.15,4547.18,4273.33,4171.79,4344.62,4680.51,4672.31,4810.26,4879.49,4634.36,
3440.51,4450.77,4613.33,4146.67,4484.1,4548.72,4273.85,4172.82,4345.13,4680.51,4671.28,4810.77,4879.49,4635.9,
3440.51,4452.31,4614.36,4146.67,4482.05,4550.26,4272.82,4170.26,4344.1,4680.51,4671.28,4810.26,4879.49,4635.9,
3439.49,4453.33,4614.36,4146.15,4482.56,4549.74,4275.38,4167.18,4344.62,4680.51,4673.33,4808.21,4879.49,4635.9,
3440,4451.79,4613.33,4146.67,4484.1,4548.72,4277.44,4170.77,4344.62,4680.51,4674.36,4809.23,4879.49,4637.44,
3441.03,4453.33,4611.79,4146.15,4484.1,4550.26,4275.38,4173.85,4344.62,4680.51,4671.79,4812.31,4879.49,4637.95,
3440,4454.87,4613.33,4145.13,4483.59,4549.23,4271.79,4170.77,4344.62,4680.51,4670.26,4810.26,4879.49,4637.95,
3439.49,4453.85,4616.41,4148.72,4484.1,4545.64,4271.28,4171.79,4344.1,4680.51,4671.28,4806.15,4879.49,4638.46,
3440,4450.77,4616.92,4148.72,4483.59,4546.67,4272.82,4174.36,4344.1,4680.51,4672.82,4806.67,4879.49,4637.44,
3439.49,4451.79,4613.33,4146.15,4481.54,4549.74,4273.33,4172.82,4344.1,4680.51,4671.79,4810.26,4879.49,4634.87,
3439.49,4453.85,4612.31,4148.72,4482.05,4550.26,4271.79,4171.79,4342.56,4680.51,4670.26,4810.26,4879.49,4633.85,
3441.03,4452.31,4614.87,4149.74,4483.08,4550.77,4271.28,4172.31,4343.08,4680.51,4671.79,4809.74,4879.49,4636.41,
3440.51,4450.77,4614.87,4146.15,4482.05,4552.82,4272.31,4171.28,4344.1,4680.51,4672.82,4811.79,4879.49,4635.9,
3439.49,4452.82,4614.36,4146.15,4481.54,4551.28,4272.82,4170.26,4344.1,4680.51,4672.31,4812.31,4879.49,4634.87,
3440.51,4451.79,4612.82,4147.18,4483.59,4548.21,4272.31,4170.77,4343.59,4680.51,4672.31,4809.23,4879.49,4638.46,
3441.03,4450.26,4611.28,4144.1,4484.62,4550.26,4271.79,4171.79,4343.08,4680.51,4672.82,4807.18,4879.49,4639.49,
3441.03,4451.28,4613.33,4144.1,4482.56,4550.77,4273.33,4173.33,4344.1,4680.51,4672.82,4810.26,4879.49,4635.9,
3439.49,4450.77,4614.36,4148.21,4482.05,4548.21,4276.92,4171.28,4344.1,4680.51,4670.26,4813.33,4879.49,4636.92,
3438.97,4452.31,4612.31,4148.21,4483.08,4549.74,4275.9,4168.21,4343.08,4680.51,4666.15,4811.79,4879.49,4638.97,
3440.51,4454.87,4614.87,4145.64,4483.59,4549.74,4273.33,4170.26,4343.59,4680.51,4669.23,4808.21,4879.49,4636.41,
3441.03,4454.36,4617.44,4146.67,4486.15,4547.69,4273.33,4174.36,4343.59,4680.51,4673.33,4807.69,4878.97,4636.92,
3439.49,4452.31,4614.87,4147.18,4488.21,4549.23,4273.85,4173.85,4343.08,4680.51,4669.23,4809.74,4877.44,4638.46,
3439.49,4453.85,4613.85,4148.72,4483.08,4551.79,4275.38,4171.79,4343.59,4680.51,4667.69,4809.23,4876.92,4635.9,
3440.51,4455.38,4614.36,4149.23,4481.54,4550.77,4276.41,4171.28,4344.1,4680.51,4672.31,4808.21,4877.95,4634.87,
3440,4453.33,4614.36,4146.67,4485.13,4548.72,4272.82,4170.77,4343.08,4680.51,4673.33,4809.23,4876.92,4637.44,
3440,4453.33,4614.87,4146.67,4485.13,4549.74,4271.79,4170.26,4342.56,4680.51,4671.28,4810.26,4876.41,4638.46,
3440.51,4455.38,4615.38,4149.74,4482.56,4551.28,4273.33,4170.77,4342.56,4680.51,4671.79,4810.26,4877.44,4637.44,
3440.51,4453.33,4613.33,4147.69,4482.56,4549.74,4271.79,4170.26,4343.08,4680.51,4673.85,4809.23,4878.97,4635.38,
3440.51,4451.28,4612.31,4144.1,4485.13,4547.69,4271.28,4169.74,4344.1,4680.51,4674.36,4808.21,4879.49,4634.87,
3438.97,4453.85,4614.36,4145.13,4485.13,4547.69,4272.31,4171.28,4343.59,4680.51,4674.36,4809.23,4879.49,4636.92,
3439.49,4454.87,4613.33,4145.64,4483.59,4548.72,4272.82,4170.77,4343.59,4680.51,4672.31,4809.74,4880,4638.46,
3440.51,4452.31,4612.82,4145.64,4484.62,4550.77,4273.33,4170.26,4344.62,4680.51,4671.28,4809.23,4880,4637.44,
3441.03,4451.28,4613.85,4146.67,4486.15,4551.28,4273.85,4172.31,4342.56,4680.51,4672.31,4808.21,4878.97,4634.87,
3442.05,4452.82,4613.33,4146.15,4484.62,4550.26,4274.87,4173.33,4340.51,4680.51,4671.79,4806.15,4877.95,4635.38,
3442.05,4454.36,4611.79,4146.67,4482.05,4550.77,4274.36,4171.79,4342.05,4680.51,4669.74,4808.21,4877.95,4635.9,
3440,4455.38,4611.79,4149.74,4483.59,4552.82,4272.31,4170.77,4345.13,4680.51,4670.77,4811.28,4878.46,4633.85,
3441.03,4454.36,4614.36,4150.26,4483.08,4550.26,4273.33,4169.74,4345.13,4680.51,4673.33,4809.23,4877.95,4634.87,
3442.56,4452.82,4616.92,4147.18,4479.49,4547.69,4275.9,4169.23,4343.59,4680.51,4673.85,4807.69,4877.95,4636.92,
3442.05,4454.36,4614.36,4148.21,4482.56,4550.26,4274.36,4171.79,4343.59,4680.51,4671.28,4810.26,4877.95,4635.38,
3440.51,4454.36,4612.82,4149.23,4486.15,4550.77,4269.23,4172.82,4343.59,4680.51,4670.77,4811.28,4877.95,4633.85,
3440,4452.82,4616.41,4146.15,4484.1,4548.21,4269.23,4171.28,4343.08,4680.51,4673.85,4809.74,4877.95,4637.44,
3441.03,4453.85,4616.41,4145.64,4482.56,4547.69,4274.36,4171.28,4343.08,4680.51,4673.33,4810.26,4878.46,4638.97,
3441.54,4453.85,4614.87,4147.18,4484.62,4548.72,4274.36,4170.77,4341.54,4680.51,4671.79,4810.26,4878.97,4635.38,
3438.46,4452.82,4616.41,4147.69,4483.59,4549.23,4272.31,4170.26,4343.59,4680.51,4672.82,4807.69,4879.49,4635.38,
3438.46,4453.33,4614.87,4147.18,4482.05,4550.26,4274.36,4171.28,4344.62,4680.51,4674.36,4808.21,4879.49,4636.92,
3442.56,4451.79,4610.77,4147.69,4482.56,4551.28,4276.92,4173.33,4344.1,4680.51,4672.82,4809.23,4877.95,4634.87,
3442.56,4450.26,4612.31,4147.18,4482.05,4552.82,4274.87,4172.82,4344.1,4680.51,4671.79,4808.21,4876.92,4634.87,
3440,4450.77,4615.38,4146.15,4482.05,4550.77,4272.82,4171.79,4344.62,4680.51,4671.28,4808.72,4877.95,4636.92,
3441.03,4451.28,4613.85,4146.15,4483.08,4549.23,4275.9,4174.36,4342.56,4680.51,4670.77,4809.74,4878.46,4635.9,
3443.08,4453.33,4612.31,4145.64,4483.08,4551.28,4275.38,4174.87,4342.56,4680.51,4670.77,4809.74,4877.95,4634.87,
3442.05,4453.85,4614.36,4146.67,4482.05,4552.82,4272.31,4170.26,4344.1,4680.51,4669.23,4807.69,4878.46,4638.46,
3438.46,4453.85,4615.38,4148.21,4484.1,4552.31,4273.33,4169.23,4345.13,4680.51,4668.72,4808.21,4878.46,4638.46,
3438.46,4453.85,4615.38,4147.69,4485.64,4547.18,4273.85,4171.28,4344.62,4680.51,4672.82,4808.72,4876.92,4637.44,
3440,4454.36,4615.9,4146.67,4486.15,4546.67,4271.79,4170.26,4341.54,4680.51,4673.33,4808.21,4876.92,4638.97,
3438.46,4452.82,4615.9,4147.18,4486.15,4550.26,4273.85,4169.74,4342.05,4680.51,4670.26,4808.21,4878.46,4638.46,
3438.46,4449.74,4614.87,4147.69,4483.59,4551.79,4276.41,4170.77,4345.64,4680.51,4670.77,4809.74,4879.49,4636.41,
3441.03,4451.28,4613.85,4147.69,4482.05,4550.77,4274.87,4170.26,4344.62,4680.51,4671.79,4809.23,4880,4635.9,
3441.03,4454.36,4614.36,4149.23,4484.62,4549.74,4273.33,4172.31,4343.59,4680.51,4670.77,4809.23,4880,4636.41,
3439.49,4454.36,4615.38,4148.72,4484.1,4550.26,4272.82,4173.33,4344.1,4680.51,4671.79,4809.74,4880,4634.87,
3442.05,4453.33,4613.33,4146.67,4480.51,4550.26,4273.85,4170.77,4343.59,4680.51,4673.33,4808.21,4880,4634.87,
3442.05,4451.79,4613.33,4145.64,4481.03,4547.18,4273.33,4170.26,4343.59,4680.51,4672.82,4807.18,4880,4635.9,
3440,4452.82,4616.41,4148.21,4486.67,4546.67,4273.85,4171.79,4344.1,4680.51,4673.85,4808.72,4880,4635.9,
3440.51,4454.36,4616.92,4148.21,4486.15,4549.74,4274.87,4170.26,4342.56,4680.51,4672.82,4809.23,4880,4635.38,
3441.54,4452.82,4612.31,4145.13,4482.05,4550.26,4274.36,4169.23,4344.1,4680.51,4670.77,4809.23,4879.49,4635.38,
3440.51,4451.79,4611.28,4145.64,4482.56,4548.21,4274.36,4169.23,4346.67,4680.51,4671.28,4808.21,4880,4636.41,
3440,4453.85,4614.36,4147.69,4485.13,4548.21,4275.38,4169.23,4344.1,4680.51,4671.79,4806.67,4880,4637.44,
3438.97,4454.87,4614.36,4147.18,4484.1,4549.74,4273.85,4172.31,4341.54,4680.51,4671.79,4807.18,4878.46,4637.44,
3438.46,4454.87,4613.33,4147.69,4482.05,4548.72,4272.31,4172.82,4343.08,4680.51,4672.31,4809.74,4877.95,4637.44,
3440,4453.85,4615.9,4146.67,4482.05,4547.18,4271.79,4169.74,4343.59,4680.51,4672.31,4811.28,4878.97,4636.41,
3440.51,4452.82,4617.44,4145.64,4482.05,4548.21,4273.33,4170.26,4342.56,4680.51,4670.77,4808.72,4879.49,4634.87,
3441.54,4451.28,4616.92,4148.72,4482.05,4550.26,4274.87,4171.28,4344.1,4680.51,4672.82,4806.67,4878.97,4635.9,
3442.56,4453.85,4615.9,4151.28,4484.1,4550.26,4275.9,4171.28,4345.64,4680.51,4673.33,4808.72,4880,4637.95,
3441.54,4456.41,4616.92,4147.18,4484.1,4550.26,4273.33,4170.77,4344.62,4680.51,4671.79,4809.74,4880.51,4637.44,
3440.51,4454.87,4615.9,4145.13,4483.08,4549.74,4271.79,4172.31,4343.08,4680.51,4672.31,4805.64,4878.97,4636.41,
3441.54,4453.33,4611.79,4148.72,4483.08,4550.77,4272.82,4173.33,4343.59,4680.51,4671.79,4806.15,4877.95,4636.41,
3441.03,4453.33,4613.85,4149.74,4482.56,4552.31,4273.33,4171.28,4343.59,4680.51,4671.28,4810.26,4876.92,4635.9,
3438.97,4455.9,4617.44,4146.67,4482.05,4549.74,4274.36,4169.74,4344.62,4680.51,4672.82,4809.74,4876.92,4635.38,
3441.03,4454.87,4614.36,4144.62,4483.59,4547.69,4272.31,4170.77,4348.21,4680.51,4673.33,4808.72,4878.46,4637.44,
3443.08,4450.77,4611.28,4146.15,4483.08,4549.23,4269.74,4170.77,4346.67,4680.51,4672.82,4809.23,4879.49,4638.97,
3441.54,4453.85,4613.33,4147.69,4482.05,4549.74,4272.82,4170.26,4342.56,4680.51,4672.31,4807.18,4879.49,4636.41,
3441.03,4454.36,4613.85,4147.69,4483.08,4548.72,4273.85,4171.28,4343.59,4680.51,4671.28,4807.69,4880,4635.9,
